[intro.jpg]
filters=Lomo=1,80.116959,0.000000;Boost=1,9.941521;
moddate=75f06b41645fd001
width=1400
height=703
textactive=0
